Á104

true,true,17,2

Blip1:4,0.78,,0.195,,0.0806,0.3,0.31,,,,,,,,,,,,,0.131,,,,,1,,,0.1,,,,masterVolume:15
Blip2:4,0.78,,0.23,,0.0806,0.3,0.375,,,,,,,,,,,,,0.131,,,,,1,,,0.1,,,,masterVolume:16
Spacer:2,0.5,,0.275,0.507,0.2281,0.3,0.8682,,,,,,,,,,,,,,,,,,1,,,,,,,masterVolume:17

DoorYes:-1>1>15|4,0.78,,0.195,,0.0806,0.3,0.31,,,,,,,,,,,,,0.131,,,,,1,,,0.1,,,,masterVolume|0|1|false>15|4,0.78,,0.195,,0.0806,0.3,0.31,,,,,,,,,,,,,0.131,,,,,1,,,0.1,,,,masterVolume|0.13730427752252733|0.75|false>16|4,0.78,,0.23,,0.0806,0.3,0.375,,,,,,,,,,,,,0.131,,,,,1,,,0.1,,,,masterVolume|0.36614474006007286|1|false>17|2,0.5,,0.375,0.507,0.2281,0.3,0.8682,,,,,,,,,,,,,,,,,,1,,,,,,,masterVolume|0|0|false>-1||0|1|false:2
